5360042
5120011
5211037
5211038
5211039
5120028
5211003
5211004
5211009
5211007
5211008
5211005
5211006
5211014
5211015
5211012
5211013
5211010
5211011
5211018
5211016
5211017
5030006
5360001
5360002
5360003
5360004
5360005
5360006
5360007
5360008
5360009
5360010
5360011
5360012
5360013
5221001
5420006
5420005
5420002
5420004
5420003
5420000
5220020
5300002
5300000
5300001
5021016
5451000
5240023
5240020
5010049
5010048
5010046
5240015
5251003
5251001
5251002
5251000
5401000
5021020
5150019
5150020
5251100
5150011
5150010
5150013
5150012
5290002
5290003
5290000
5290001
5140006
5610001
5610000
5152014
5152015
5152012
5152013
5152010
5152011
5151016
5151017
5290006
5290007
5290004
5290005
5432000
5152047
5152048
5152045
5152046
5152040
5152041
5152042
5990000
5211040
5152025
5400000
5152026
5211048
5211045
5211046
5211043
5211044
5211041
5211042
5152021
5490002
5152022
5490003
5211049
5152036
5152035
5211052
5152039
