2040630
2040629
2210004
2070018
2210023
2070014
2210032
2210033
2210043
2022340
2022341
2022342
2022343
2022344
2022338
2022339
2044117
2044120
2101210
2101211
2101212
2101213
2044217
2044220
2022440
2022441
2022443
2101200
2101201
2022439
2101202
2101203
2101204
2101205
2101206
2101207
2101208
2101209
2030020
2050099
2050098
2101236
2043312
2043313
2044612
2044613
2049003
2043713
2040202
2040207
2043712
2002012
2002013
2002014
2049114
2049113
2043812
2002027
2043813
2002028
2022099
2002029
2040757
2040756
2040755
2040760
2040759
2040758
2022065
2022066
2022068
2022069
2040742
2040741
2040740
2022079
2022545
2022546
2022544
2022538
2044317
2022556
2044320
2022554
2022555
2270006
2044713
2044712
2040334
2040333
2022180
2022181
2040830
2040834
2040833
2040829
2022193
2101055
2101056
2101057
2101058
2101050
2101051
2101052
2101053
2101054
2022130
2101044
2101045
2101046
2101047
2101048
2101049
2101043
2022105
2022106
2022107
2043023
2043022
2022120
2022121
2022114
2043120
2043117
2022623
2022624
2022625
2022626
2022627
2022628
2022629
2044417
2044420
2101020
2040041
2022634
2040045
2040042
2040046
2044817
2040430
2040429
2040543
2040542
2040539
2040538
2022262
2022263
2022264
2022261
2040943
2040936
2022284
2022282
2022283
2012004
2022273
2022274
2022275
2022276
2022277
2022278
2040918
2022271
2022272
2044025
2020032
2044028
2022305
2022306
2022307
2041068
2022308
2041067
2041066
2041069
2043220
2022310
2022311
2101137
2101138
2101139
2101143
2101145
2101146
2101147
2101148
2043217
2101141
2101142
2101110
2240001
2240000
2240003
2240002
2044513
2044512
2040102
2040107
2044910
