1432045
1002959
31580
31586
31585
31587
31582
31581
31584
31583
31575
31574
31577
31576
31571
31570
31573
31572
1002941
1002940
1002949
1002948
1002947
1002937
1002999
1702130
1702135
1702128
1702126
1702129
1702156
1702102
1912008
1702171
1702185
1702184
1702183
1002844
1822000
1002857
1002856
1102236
1002887
1002881
1002889
1002880
1002891
1702215
1702220
31605
31604
31607
31606
31601
31600
31603
31602
1132014
1132015
1132016
1072277
1482034
1072261
30585
30584
30587
30586
30581
30580
30583
30582
1312044
34033
34032
34031
34030
34037
34036
34035
34034
34022
34021
34020
34027
34026
34025
34024
34023
1402045
1402048
1402051
1402050
1402061
1060125
1060127
1060129
1060128
1060133
1060130
1060132
1060131
1080002
30695
30694
30697
30696
30691
30690
30693
30692
1002567
1452054
1452053
1452052
1002565
1452056
1452055
1002553
1002584
1002580
1002582
1002578
1002577
1002579
1452047
1002527
1002516
1002515
1002518
1002545
1002596
1002594
1002593
1092052
1802052
1802055
1802050
1802051
1802061
1802049
1802048
1112809
1002717
1002716
1002742
1002741
1002740
1002739
1102100
1102103
1102104
1102101
1102102
1102105
1102106
1102176
1102177
1102178
1102179
1102165
1012113
1012112
1012111
1012110
1012124
1012123
1012122
1012121
1012128
1012127
1012126
1012125
1102145
1012129
1102146
1002750
1002757
1002759
1012106
1012109
1012108
1012107
1102194
1102192
1102193
1102191
1102183
1102181
1102182
1102180
1302131
1061147
1061149
1061143
1061151
1061150
1061153
1061152
1061155
1061154
1332080
1332078
1332079
1332072
1332070
1332071
1012182
1012181
1012186
1332069
1012185
1012184
1332067
1012183
1332068
1332065
1332064
1332058
1012166
1002676
1002675
1102099
1102083
1102087
1102080
1102078
1002655
1002657
1002658
1012090
1012043
1012042
1012041
1832000
1422044
1082218
1082228
1082223
1082221
1082217
1472074
1472073
1472075
1472062
1472067
1472066
1472065
1472064
1472057
1382056
1382055
1382054
1382053
1051169
1082230
1051148
1302088
1302089
1302091
1302092
1302093
1302094
1302090
1302099
1302095
1302098
1302069
1302062
1302065
1302079
1302057
1302107
1302100
1302101
1302114
1112413
1112414
1112407
1112408
1082174
1442060
1442061
1442048
1442047
1442049
1902012
1122039
1812002
1812003
1812006
1812007
1812004
1812005
1122042
1122043
1122040
1122041
1122048
1122049
1122046
1122047
1122044
1122045
1122053
1122054
1122051
1122052
1122050
1122057
1122055
1122056
1032070
1032071
1032072
1032050
1442103
1032043
1032044
1032045
1032046
1032048
1032049
1122014
1022103
1072405
1072427
1322072
1322063
1322064
1322059
1322053
1003026
1003024
1003025
1003022
1003023
1322030
1072431
1072432
1072430
1072428
1072429
1003073
1492032
1041146
1022096
1022081
1022082
1412032
1412041
1072343
1072344
1072346
1072342
1071024
1071025
1072380
1052192
1462055
1462054
1462052
1462048
1462047
1462049
1462046
1462042
1070015
1070014
1052211
1052079
1052066
1052063
1052064
1052065
1702095
1052148
1052149
1040143
1702076
1702075
1702077
