4161041
4161040
4161038
4161039
4031360
4031363
4031364
4031361
4031362
4031367
4031368
4031369
4031370
4031371
4031374
4031375
4031372
4031373
4031376
4031377
4032233
4032236
4032237
4032234
4032235
4032238
4032239
4031395
4032247
4032248
4031357
4031358
4031359
4031760
4031761
4031758
4031759
4031300
4031305
4031306
4031307
4031752
4031753
4031750
4031751
4031756
4031757
4031754
4031755
4160035
4031900
4160036
4001216
4001217
4001218
4001219
4031910
4031911
4160027
4031903
4031904
4031901
4031902
4031907
4031908
4031905
4031906
4031909
4001250
4001249
4031480
4031481
4031486
4160016
4031440
4031441
4031444
4031445
4031442
4031443
4031446
4031447
4031439
4032306
4032307
4032308
4031880
4031881
4031884
4031885
4031882
4031883
4031886
4031879
4031899
4031897
4031898
4031406
4031407
4031423
4031424
4031425
4140902
4140903
4031866
4031867
4031864
4031865
4031877
4031878
4031805
4031822
4031823
4031826
4031827
4031824
4031825
4031828
4031829
4032057
4032058
4032059
4032063
4032061
4032062
4032060
4032012
4032013
4032016
4032017
4032014
4032015
4032018
4000421
4032023
4032024
4032021
4032022
4032027
4032028
4032025
4032026
4032029
4032030
4032031
4220147
4032005
4032004
4032009
4032007
4031565
4031566
4031563
4031564
4031567
4032435
4032438
4032439
4032436
4032437
4031590
4031594
4032441
4031595
4032442
4031592
4031593
4032440
4032445
4032446
4031596
4032443
4031597
4032444
4031521
4031520
4031525
4031526
4031523
4031524
4031519
4031530
4031531
4031529
4031527
4031528
4031543
4031544
4031542
4031545
4032404
4031920
4031914
4031915
4031912
4031913
4031918
4031919
4031916
4031917
4031936
4031937
4031283
4032133
4032134
4031284
4031294
4031299
4000519
4000518
4000520
4220022
4000524
4000523
4000522
4000521
4000509
4000508
4000515
4000514
4000513
4000512
4000511
4000510
4032577
4032578
4032576
4031249
4001434
4001428
4001429
4031682
4031658
4031660
4031664
4031665
4031666
4031659
4032522
4031676
4032523
4031679
4031677
4032524
4031678
4032525
4280002
4280003
