9301000
9301002
9301001
9301004
9301003
8220010
8220015
8220013
8220014
8220011
8220012
9400749
2220110
9420006
3400005
3400006
3400007
3400008
3400001
3400002
3400003
3400004
3400000
9420015
9700031
9700032
9700033
9700034
9700035
9700036
9700037
9700038
9700030
9300384
9300386
9300385
7220003
7220004
7220005
9300388
9300387
9300389
9300391
9300390
9300393
9300392
8140512
8140511
8140510
9400522
9400523
9400520
9400521
9400526
9400527
9400524
9400525
9400519
9400517
9400518
9400511
9400512
9400510
9400515
9400516
9400514
9400509
9400506
9400507
9400588
9400586
9400587
9400584
9400585
9400583
9400575
9400570
9400573
9400574
9400571
9400572
8120101
8120100
9400122
8120103
8120102
8120105
8120104
8120107
8120106
7120109
7120108
7120107
9400533
9400534
9400531
9400532
9400537
9400535
9400536
9400530
7120102
7120101
7120100
7120106
7120105
7120104
7120103
9400528
9400529
9400568
9400569
9400551
9400552
2230112
4300005
4300006
4300003
4300004
4300001
4300002
4300000
4300009
4300007
4300008
4300016
4300017
4300014
4300015
4300012
4300013
4300010
4300011
9101003
9400607
9400608
9400605
9400606
1210111
9400643
9400644
9400641
9400642
9400648
9400640
9400638
9400639
9400632
9400630
9400631
9400636
9400637
9400634
9400635
9400603
9400604
9400601
9400602
9400214
9400215
9400212
9400213
9400218
9400216
9400217
9400210
9400211
9400209
9410016
9410017
9410018
9410019
9410020
9400654
9400652
9400653
9400650
9400651
9400649
