1022106
1022107
9010021
9010022
1013203
1013200
1013201
1013202
9201140
9201141
9201142
9201143
9201144
9100110
9100117
9201134
9201135
9201136
9201137
9201138
9201139
2030015
2082004
2082005
2082006
2082007
9201100
9201101
9201102
2082008
2082009
2082015
2082016
2082017
2082011
2082012
2082013
2082014
2082010
9201116
9201117
9901711
9901712
9901710
9901715
9901716
9901713
9901714
9901719
9901717
9901718
9103003
9103000
9103001
9103002
9901722
9901723
9901720
9901721
9901726
9901727
9901724
9901725
9901728
9901729
9901700
9901701
9901704
9901705
9901702
9901703
9901708
9901709
9901706
9901707
9102101
9102100
1013104
1013105
1013100
1013101
9250026
1013102
1013103
9250046
9250044
9250045
9250042
9250043
9201082
9201083
9201084
9201085
9201086
9201087
9201088
9201089
9250053
9250054
9250051
9250052
9201093
9201094
9201095
9201096
9201097
9201098
9201099
9201090
9201091
9201092
9250024
9250023
9201024
9201025
9201026
9201027
9201028
9270043
9201031
9201032
9201033
9201038
9201039
9201001
9201003
9270066
9201008
9201009
9201010
9201011
9201012
9201015
9201016
9201017
9201018
9201019
9201066
9201067
9270001
9270000
9201074
1063018
9201040
9201041
9201043
9201044
9201045
9201046
9201047
9201048
9201049
9270016
9270015
9270014
9270013
9270012
9270011
9270010
9270005
9270004
9270003
9270002
9270009
9270008
9270007
9270006
9200100
9200101
9200102
2083006
2084007
2084006
2084009
2084008
2084003
9901800
2084005
2084004
2060010
9901803
9901804
9901801
9901802
9901807
9901808
9901805
9901806
2084010
9901832
9901833
9901830
9901831
9901836
9901837
9901834
9901835
9901838
9901839
1205000
9901840
9901843
9901844
9901841
9901842
9901847
9901848
9901845
9901846
9901849
9901809
9901810
9901811
9901814
9901815
9901812
9901813
9901818
9901819
9901816
9901817
9901821
9901822
9901820
9901825
9901826
9901823
9901824
9901829
9901827
9901828
9102000
1013000
1013001
1013002
9901730
9901733
9901734
9901731
9901732
9901737
9901738
9901735
9901736
9901739
9901740
9901741
9901744
9901745
9901742
9901743
9901748
9901749
9901746
9901747
9200000
9901908
9901909
9901902
9901903
9901900
9901901
9901906
9901907
9901904
9901905
2060103
9220000
9220001
2012034
9101000
2092100
9120203
9120202
9120201
9120200
1052125
1052121
1052122
1052123
1052124
1052120
1052118
1052119
1052116
1052117
9000070
